$ 1 0.000005 382.76258214399064 99 5 43 5e-11
v 112 80 224 80 0 0 40 12 0 0 0.5
w 224 80 224 176 0
d 112 176 112 272 2 default
f 128 304 128 352 32 1.5 0.02
S 112 272 112 304 0 0 false 0 2
R 112 176 160 176 0 0 40 5 0 0 0.5
x 146 198 236 201 4 24 Ras.\sPie
162 368 176 368 240 2 default-led 1 0 0 0.01
w 368 240 416 240 0
w 416 240 416 48 0
w 416 48 112 48 0
w 112 48 112 80 0
w 224 176 176 176 0
w 176 176 176 128 0
w 176 128 64 128 0
w 64 128 64 368 0
w 64 368 112 368 0
w 112 368 112 352 0
w 144 352 272 352 0
w 272 352 272 176 0
w 272 176 368 176 0
